-33.102811317544365 -96.21898033868689 -106.70833110805347 -60.39950829037121 16.684823699172043 82.90597514007841 103.47367133705559 68.69178823218748 -1.5658331866684518 -69.15684728206517 -98.34935192735553 -74.68203562727366 -12.066967703062847 55.31757457809401 91.65402255514839 78.49585013827243 24.08690056529207 -41.69237673178624 -83.70436961749222 -80.29645281288867 -34.42380992815204 28.539852014623598 74.80557501379289 80.27451772360168 43.05851974666286 -16.07115247046256 -65.24323827907762 -78.63814528950465 -50.01605836689027 4.45010568010221 55.276944077156834 75.60333574271047 55.35799893163903 6.204872531063173 -45.13558941046026 -71.38528484070926 -59.17427583578389 -15.817286204804638 35.014515826113104 66.19077800487567 61.574838827954004 24.347746986243234 -25.074423636205463 -60.21190528982043 -62.6814949731206 -31.788136938048247 15.44197989975282 53.621259873775834 62.6202655888477 38.15506719103206 -6.211971681178011 -46.56871917231163 -61.51455144744622 -43.48296656532973 -2.5491972359248822 39.179842369466286 59.479356313807166 47.817135535555934 10.798912822085265 -31.55585330760558 -56.61676785440879 -51.20709018795091 -18.512942078474534 23.775115413596936 53.01283792035249 53.7004986703538 25.679514849922043 -15.895947692536893 -48.735943157024835 -55.33797996102114 -32.29321450894242 7.960579654657109 43.83664391266549 56.14899279594222 38.34899663891277 -0.0 -38.34899663891277 -56.14899279594222 -43.83664391266549 -7.960579654657109 32.29321450894242 55.33797996102114 48.735943157024835 15.895947692536893 -25.679514849922043 -53.7004986703538 -53.01283792035249 -23.775115413596936 18.512942078474534 51.20709018795091 56.61676785440879 31.55585330760558 -10.798912822085265 -47.817135535555934 -59.479356313807166 -39.179842369466286 2.5491972359248822 43.48296656532973 61.51455144744622 46.56871917231163 6.211971681178011 -38.15506719103206 -62.6202655888477 -53.621259873775834 -15.44197989975282 31.788136938048247 62.6814949731206 60.21190528982043 25.074423636205463 -24.347746986243234 -61.574838827954004 -66.19077800487567 -35.014515826113104 15.817286204804638 59.17427583578389 71.38528484070926 45.13558941046026 -6.204872531063173 -55.35799893163903 -75.60333574271047 -55.276944077156834 -4.45010568010221 50.01605836689027 78.63814528950465 65.24323827907762 16.07115247046256 -43.05851974666286 -80.27451772360168 -74.80557501379289 -28.539852014623598 34.42380992815204 80.29645281288867 83.70436961749222 41.69237673178624 -24.08690056529207 -78.49585013827243 -91.65402255514839 -55.31757457809401 12.066967703062847 74.68203562727366 98.34935192735553 69.15684728206517 1.5658331866684518 -68.69178823218748 -103.47367133705559 -82.90597514007841 -16.684823699172043 60.39950829037121 106.70833110805347 96.21898033868689
-96.21898033868689 -106.93092020504852 -62.15710077488425 13.50977871279728 80.18577528252973 103.69172561715679 73.043622251696 5.503544615163286 -63.08308991308078 -97.28375688963824 -80.3557485469073 -22.391063947276617 45.60381552834826 88.26414990031041 84.23379149147556 36.81787191616287 -28.370962966386724 -77.21529540116279 -84.92244436112917 -48.57692359985927 11.921860532139359 64.71805990551482 82.7468389726521 57.57988254141697 3.301616292039142 -51.328601516554286 -78.08801882743171 -63.843601185338564 -16.95694986486156 37.55957636664603 71.35916869639641 67.47343791563529 28.799483482601474 -23.86622984871678 -62.98378688015047 -68.64468171712043 -38.67624007223248 10.637557772540035 53.376778756579874 67.58335245030673 46.51597441958291 1.8075778413684263 -42.92920218284983 -64.54757312180628 -52.31651548557617 -13.219770177887161 31.99712147625637 59.81057694983975 56.13052745734145 23.41445723576316 -20.894742532831064 -53.646225987100266 -58.05082252639357 -32.26420103662986 9.891722707017378 46.317691478973586 58.19629722814611 39.68881105927397 0.7857097560724118 -38.06969267217178 -56.69944305350942 -45.644337173423864 -10.950417192782599 29.124425172758805 53.69620945298361 50.11196342245632 20.44756557250742 -19.68104722333752 -49.31878428840997 -53.087776893201216 -29.146286111376224 9.91834703275125 43.69161615214935 54.57427028066268 36.930748919873515 -0.0 -36.930748919873515 -54.57427028066268 -43.69161615214935 -9.91834703275125 29.146286111376224 53.087776893201216 49.31878428840997 19.68104722333752 -20.44756557250742 -50.11196342245632 -53.69620945298361 -29.124425172758805 10.950417192782599 45.644337173423864 56.69944305350942 38.06969267217178 -0.7857097560724118 -39.68881105927397 -58.19629722814611 -46.317691478973586 -9.891722707017378 32.26420103662986 58.05082252639357 53.646225987100266 20.894742532831064 -23.41445723576316 -56.13052745734145 -59.81057694983975 -31.99712147625637 13.219770177887161 52.31651548557617 64.54757312180628 42.92920218284983 -1.8075778413684263 -46.51597441958291 -67.58335245030673 -53.376778756579874 -10.637557772540035 38.67624007223248 68.64468171712043 62.98378688015047 23.86622984871678 -28.799483482601474 -67.47343791563529 -71.35916869639641 -37.55957636664603 16.95694986486156 63.843601185338564 78.08801882743171 51.328601516554286 -3.301616292039142 -57.57988254141697 -82.7468389726521 -64.71805990551482 -11.921860532139359 48.57692359985927 84.92244436112917 77.21529540116279 28.370962966386724 -36.81787191616287 -84.23379149147556 -88.26414990031041 -45.60381552834826 22.391063947276617 80.3557485469073 97.28375688963824 63.08308991308078 -5.503544615163286 -73.043622251696 -103.69172561715679 -80.18577528252973 -13.50977871279728 62.15710077488425 106.93092020504852
-106.70833110805347 -62.15710077488425 12.449380048730292 78.77883085818779 103.69795591735085 75.7940883589079 10.52663025239926 -58.27366642559524 -95.91296320965174 -84.30281819872191 -30.607258130161384 37.0400741119433 84.24592054116472 87.8181471149173 47.12583645534036 -16.187306941805048 -69.67930505219188 -86.70788558723555 -59.671081374900986 -3.3255083630546656 53.221693647207424 81.52304357710838 68.07542562036893 20.720220296207987 -35.85107436699451 -72.94411515014488 -72.39059164617812 -35.41545742743224 18.468063236056313 61.72745904605003 72.85372325432087 47.02837128370766 -1.8607982635424325 -48.655365813826954 -69.84769050752578 -55.364198256324634 -13.317768981747305 34.49271393272383 63.8591854953768 60.39620000245553 26.560474212262502 -19.952273117048865 -55.437955609455614 -62.23896443835102 -37.50562078774149 5.6697863050885235 45.16001495586713 61.118201245908985 45.9276499837553 7.810971389229979 -33.59698732188886 -57.34005254417794 -51.72121614625763 -20.043825379695885 21.2929306223394 51.262586251929484 54.88134125981027 30.677930545187706 -8.749143797014526 -43.271588975853895 -55.48233125698258 -39.44955406100173 -3.5833659001801212 33.76208272605478 53.65790537672255 46.17020413392476 15.304807687363569 -23.126220067210042 -49.58455107854309 -50.71349472888959 -26.062557169026142 11.7474340734325 43.46951683768899 53.00299982074302 35.5441515456971 -0.0 -35.5441515456971 -53.00299982074302 -43.46951683768899 -11.7474340734325 26.062557169026142 50.71349472888959 49.58455107854309 23.126220067210042 -15.304807687363569 -46.17020413392476 -53.65790537672255 -33.76208272605478 3.5833659001801212 39.44955406100173 55.48233125698258 43.271588975853895 8.749143797014526 -30.677930545187706 -54.88134125981027 -51.262586251929484 -21.2929306223394 20.043825379695885 51.72121614625763 57.34005254417794 33.59698732188886 -7.810971389229979 -45.9276499837553 -61.118201245908985 -45.16001495586713 -5.6697863050885235 37.50562078774149 62.23896443835102 55.437955609455614 19.952273117048865 -26.560474212262502 -60.39620000245553 -63.8591854953768 -34.49271393272383 13.317768981747305 55.364198256324634 69.84769050752578 48.655365813826954 1.8607982635424325 -47.02837128370766 -72.85372325432087 -61.72745904605003 -18.468063236056313 35.41545742743224 72.39059164617812 72.94411515014488 35.85107436699451 -20.720220296207987 -68.07542562036893 -81.52304357710838 -53.221693647207424 3.3255083630546656 59.671081374900986 86.70788558723555 69.67930505219188 16.187306941805048 -47.12583645534036 -87.8181471149173 -84.24592054116472 -37.0400741119433 30.607258130161384 84.30281819872191 95.91296320965174 58.27366642559524 -10.52663025239926 -75.7940883589079 -103.69795591735085 -78.77883085818779 -12.449380048730292 62.15710077488425
-60.39950829037121 13.50977871279728 78.77883085818779 103.67928214918652 77.12249510214595 13.523877035788066 -54.956224012657856 -94.64820512886457 -86.9021273076754 -36.808435638832634 29.944755129632483 80.21323861817362 89.82894302235646 55.18820959451741 -5.543973639266859 -61.91935039046756 -86.44679263144984 -67.97152688991687 -16.695554557903595 41.39128366533979 77.6581729078429 74.9204614653608 35.54836929561515 -20.210802770829112 -64.61568057841151 -76.20828709856902 -50.15564021052491 -0.1857629006152956 48.61027300854152 72.35261709968013 60.03363129583784 18.58426536632051 -30.965904880721098 -64.13328208046026 -65.05336756197767 -34.04138618123575 12.948226570422557 52.50411418068541 65.39777150130833 45.90569407926396 4.307365368157688 -38.5070283010755 -61.50369852804531 -53.81411975369755 -19.845659361647705 23.19527991228656 53.99658152023426 57.66874592332866 32.919443179319224 -7.5707565963124654 -43.62484916496666 -57.59995568817594 -42.99735511947043 -7.462115745493739 31.20004499623322 53.922330242511656 49.75565268887833 21.12553496812656 -17.54684022277438 -47.089273178363754 -53.058840684296534 -32.782240004219574 3.4651396590266073 37.65127614080758 52.93443476876559 41.937409925789254 10.295524020043656 -26.221206025975 -49.54676487676123 -48.23270388535041 -23.050889891228866 13.44820618237774 43.17374311823702 51.43685910418469 34.189095241720885 -0.0 -34.189095241720885 -51.43685910418469 -43.17374311823702 -13.44820618237774 23.050889891228866 48.23270388535041 49.54676487676123 26.221206025975 -10.295524020043656 -41.937409925789254 -52.93443476876559 -37.65127614080758 -3.4651396590266073 32.782240004219574 53.058840684296534 47.089273178363754 17.54684022277438 -21.12553496812656 -49.75565268887833 -53.922330242511656 -31.20004499623322 7.462115745493739 42.99735511947043 57.59995568817594 43.62484916496666 7.5707565963124654 -32.919443179319224 -57.66874592332866 -53.99658152023426 -23.19527991228656 19.845659361647705 53.81411975369755 61.50369852804531 38.5070283010755 -4.307365368157688 -45.90569407926396 -65.39777150130833 -52.50411418068541 -12.948226570422557 34.04138618123575 65.05336756197767 64.13328208046026 30.965904880721098 -18.58426536632051 -60.03363129583784 -72.35261709968013 -48.61027300854152 0.1857629006152956 50.15564021052491 76.20828709856902 64.61568057841151 20.210802770829112 -35.54836929561515 -74.9204614653608 -77.6581729078429 -41.39128366533979 16.695554557903595 67.97152688991687 86.44679263144984 61.91935039046756 5.543973639266859 -55.18820959451741 -89.82894302235646 -80.21323861817362 -29.944755129632483 36.808435638832634 86.9021273076754 94.64820512886457 54.956224012657856 -13.523877035788066 -77.12249510214595 -103.67928214918652 -78.77883085818779 -13.50977871279728
16.684823699172043 80.18577528252973 103.69795591735085 77.12249510214595 14.519594158082537 -53.266187466629304 -93.7767966214068 -88.45821897645882 -41.11810842900559 24.51091537831589 76.63708191199427 90.78630522895025 61.26405035473575 3.349104606623743 -54.56841321442069 -84.87938276460316 -73.89191616782647 -27.97375986324016 30.03236236913638 72.14482363830633 78.71750436187388 47.57550714540552 -5.420961786247004 -54.42006739499696 -76.165191048621 -61.00810516003987 -17.14579506656159 33.7559519856727 67.2396967926443 67.78388939028379 35.96903144103607 -12.211176602385894 -53.363147859506626 -68.02851341070618 -49.85999340236941 -8.323538929063858 36.19887334086599 62.38745394987234 58.16981167962369 26.259105741484984 -17.48145573515222 -51.901543234413644 -60.767173829769824 -40.39370704113389 -1.1313955061627055 37.86927643728585 57.97559772386722 49.95097830850145 18.174811326781025 -21.711887990771814 -50.48439089014219 -54.57657365897951 -32.45592248664289 4.8537056118339 39.24758954265997 54.302630174297235 43.09689293259643 11.374238344647463 -25.383448220550715 -49.491385870723455 -49.54679742450321 -25.804169341149606 10.083887224046766 40.76903202934977 51.57008159323992 37.47629835287128 5.460650955474224 -28.959059575973846 -49.22037025440769 -45.662812649716464 -20.119526154706723 15.021381135586513 42.80773092674528 49.87748143586926 32.86545873490587 -0.0 -32.86545873490587 -49.87748143586926 -42.80773092674528 -15.021381135586513 20.119526154706723 45.662812649716464 49.22037025440769 28.959059575973846 -5.460650955474224 -37.47629835287128 -51.57008159323992 -40.76903202934977 -10.083887224046766 25.804169341149606 49.54679742450321 49.491385870723455 25.383448220550715 -11.374238344647463 -43.09689293259643 -54.302630174297235 -39.24758954265997 -4.8537056118339 32.45592248664289 54.57657365897951 50.48439089014219 21.711887990771814 -18.174811326781025 -49.95097830850145 -57.97559772386722 -37.86927643728585 1.1313955061627055 40.39370704113389 60.767173829769824 51.901543234413644 17.48145573515222 -26.259105741484984 -58.16981167962369 -62.38745394987234 -36.19887334086599 8.323538929063858 49.85999340236941 68.02851341070618 53.363147859506626 12.211176602385894 -35.96903144103607 -67.78388939028379 -67.2396967926443 -33.7559519856727 17.14579506656159 61.00810516003987 76.165191048621 54.42006739499696 5.420961786247004 -47.57550714540552 -78.71750436187388 -72.14482363830633 -30.03236236913638 27.97375986324016 73.89191616782647 84.87938276460316 54.56841321442069 -3.349104606623743 -61.26405035473575 -90.78630522895025 -76.63708191199427 -24.51091537831589 41.11810842900559 88.45821897645882 93.7767966214068 53.266187466629304 -14.519594158082537 -77.12249510214595 -103.69795591735085 -80.18577528252973
82.90597514007841 103.69172561715679 75.7940883589079 13.523877035788066 -53.266187466629304 -93.46775997042825 -89.18236219807231 -43.65091628579578 20.845834504808504 73.85844792384711 91.12141710757406 65.63272329586154 10.414978700135121 -48.08710069835681 -82.64710966746145 -77.90433157282887 -37.154375212565924 19.70029108132844 65.84175266482262 80.16371418343118 56.8994864771528 7.872048300934394 -43.47176202036274 -73.25086986898478 -68.23409705423272 -31.685517542715175 18.5943571209425 58.91188097608486 70.82283871518325 49.5448491157719 5.815231056653468 -39.49260043831002 -65.30981195771056 -60.14623909112686 -27.174762015519732 17.608876240011487 53.12272449722926 63.10026445481002 43.51718305273321 4.164212173678426 -36.22064870423887 -58.85211387424837 -53.61277145872065 -23.551198668113877 16.824155894318164 48.52602703509125 56.99471935903942 38.762812164672674 2.8382930966456033 -33.7254781773744 -53.9033368021157 -48.60317075892319 -20.742657238919676 16.31989232718852 45.17133825134407 52.50218985182813 35.22606518916318 1.756467986832181 -32.075134753979654 -50.4864037150419 -45.08440769854809 -18.675776426678187 16.175095987488657 43.10596892397286 49.61592702296419 32.84932993593945 0.8375003831254593 -31.336075903982007 -48.62157979877822 -43.02098012633471 -17.276073963713777 16.46801746166427 42.374947808793216 48.32645475863409 31.57310885151924 -0.0 -31.57310885151924 -48.32645475863409 -42.374947808793216 -16.46801746166427 17.276073963713777 43.02098012633471 48.62157979877822 31.336075903982007 -0.8375003831254593 -32.84932993593945 -49.61592702296419 -43.10596892397286 -16.175095987488657 18.675776426678187 45.08440769854809 50.4864037150419 32.075134753979654 -1.756467986832181 -35.22606518916318 -52.50218985182813 -45.17133825134407 -16.31989232718852 20.742657238919676 48.60317075892319 53.9033368021157 33.7254781773744 -2.8382930966456033 -38.762812164672674 -56.99471935903942 -48.52602703509125 -16.824155894318164 23.551198668113877 53.61277145872065 58.85211387424837 36.22064870423887 -4.164212173678426 -43.51718305273321 -63.10026445481002 -53.12272449722926 -17.608876240011487 27.174762015519732 60.14623909112686 65.30981195771056 39.49260043831002 -5.815231056653468 -49.5448491157719 -70.82283871518325 -58.91188097608486 -18.5943571209425 31.685517542715175 68.23409705423272 73.25086986898478 43.47176202036274 -7.872048300934394 -56.8994864771528 -80.16371418343118 -65.84175266482262 -19.70029108132844 37.154375212565924 77.90433157282887 82.64710966746145 48.08710069835681 -10.414978700135121 -65.63272329586154 -91.12141710757406 -73.85844792384711 -20.845834504808504 43.65091628579578 89.18236219807231 93.46775997042825 53.266187466629304 -13.523877035788066 -75.7940883589079 -103.69172561715679
103.47367133705559 73.043622251696 10.52663025239926 -54.956224012657856 -93.7767966214068 -89.18236219807231 -44.48585414461265 19.002755971387426 72.10505905183302 91.16218505839319 68.54931084737426 15.656436198767247 -42.79278229996723 -80.27337885320811 -80.47401322416464 -44.36256115169503 10.742018038448185 59.444634503680106 79.95542184084618 63.81420443714491 19.329866794195368 -32.63767043149095 -68.43528991351964 -72.36031988312199 -43.52027939919214 4.174165785198573 48.68881460549919 70.0234575081151 59.174695589837484 21.898473497227734 -24.28130149320147 -58.28779807313313 -65.08892515213684 -42.31730081484357 -1.0091700208915426 39.716629583836664 61.48584341265572 54.936327803504504 23.716482267384965 -17.47916419502044 -49.80478750352865 -58.862796302058314 -41.09405144597103 -5.133294505774346 32.36306327333736 54.41085573406477 51.36923956834478 25.134496159245884 -11.95701283701434 -42.91049548242883 -53.837727347407444 -40.16749243350493 -8.53428252874668 26.422998071271763 48.81543767302382 48.70413350001025 26.49331728520209 -7.41639747430445 -37.481894916218394 -50.12049928433318 -39.82589310763394 -11.552730471424706 21.65565869169124 44.66583090849808 47.12881270560549 28.11795694691041 -3.540470085331117 -33.35169172956135 -47.7677152243455 -40.32403308830283 -14.52749679822543 17.789502113334894 41.878885805056036 46.78532072224295 30.311900617410117 -0.0 -30.311900617410117 -46.78532072224295 -41.878885805056036 -17.789502113334894 14.52749679822543 40.32403308830283 47.7677152243455 33.35169172956135 3.540470085331117 -28.11795694691041 -47.12881270560549 -44.66583090849808 -21.65565869169124 11.552730471424706 39.82589310763394 50.12049928433318 37.481894916218394 7.41639747430445 -26.49331728520209 -48.70413350001025 -48.81543767302382 -26.422998071271763 8.53428252874668 40.16749243350493 53.837727347407444 42.91049548242883 11.95701283701434 -25.134496159245884 -51.36923956834478 -54.41085573406477 -32.36306327333736 5.133294505774346 41.09405144597103 58.862796302058314 49.80478750352865 17.47916419502044 -23.716482267384965 -54.936327803504504 -61.48584341265572 -39.716629583836664 1.0091700208915426 42.31730081484357 65.08892515213684 58.28779807313313 24.28130149320147 -21.898473497227734 -59.174695589837484 -70.0234575081151 -48.68881460549919 -4.174165785198573 43.52027939919214 72.36031988312199 68.43528991351964 32.63767043149095 -19.329866794195368 -63.81420443714491 -79.95542184084618 -59.444634503680106 -10.742018038448185 44.36256115169503 80.47401322416464 80.27337885320811 42.79278229996723 -15.656436198767247 -68.54931084737426 -91.16218505839319 -72.10505905183302 -19.002755971387426 44.48585414461265 89.18236219807231 93.7767966214068 54.956224012657856 -10.52663025239926 -73.043622251696
68.69178823218748 5.503544615163286 -58.27366642559524 -94.64820512886457 -88.45821897645882 -43.65091628579578 19.002755971387426 71.50659348728567 91.1278265554406 70.21434275302335 19.112713184995336 -38.89166225121779 -78.16110094193907 -82.01596897488884 -49.78879181077843 3.3466134844528854 53.48604209472331 78.72726983017608 68.71470421423015 28.847421539682898 -22.539430798754704 -62.58217489546858 -74.04031509529652 -52.69434940516926 -8.827129768440361 37.6918505591905 66.38451706347307 65.15724348400533 35.36935464891916 -9.13326338041555 -48.428707453122804 -65.41622594198398 -53.23576655409984 -18.001169138117532 24.223386249809494 54.725955357141075 60.41789876618966 39.42698056070893 1.6334158629856719 -35.95608951772349 -56.84049109155856 -52.246665132304344 -24.79047896028503 12.939325244290337 44.133125282032516 55.22855980388104 41.78622151242636 10.237071613631114 -25.171626917207494 -48.790594196660265 -50.46375434875793 -29.87585505468879 3.499451746970108 34.74191351402507 50.134215299971515 43.164289578390346 17.263298637289196 -15.863651639372852 -41.509737717716206 -48.47444167789935 -33.93692360141086 -4.582769448530597 26.458043094982507 45.464818175339374 44.170262588295536 23.341914707787847 -7.643837815873004 -35.00836255524304 -46.67704600748705 -37.58838708397901 -11.880105833227383 18.9875374727816 41.323054398670074 45.25557380070643 29.08167736085417 -0.0 -29.08167736085417 -45.25557380070643 -41.323054398670074 -18.9875374727816 11.880105833227383 37.58838708397901 46.67704600748705 35.00836255524304 7.643837815873004 -23.341914707787847 -44.170262588295536 -45.464818175339374 -26.458043094982507 4.582769448530597 33.93692360141086 48.47444167789935 41.509737717716206 15.863651639372852 -17.263298637289196 -43.164289578390346 -50.134215299971515 -34.74191351402507 -3.499451746970108 29.87585505468879 50.46375434875793 48.790594196660265 25.171626917207494 -10.237071613631114 -41.78622151242636 -55.22855980388104 -44.133125282032516 -12.939325244290337 24.79047896028503 52.246665132304344 56.84049109155856 35.95608951772349 -1.6334158629856719 -39.42698056070893 -60.41789876618966 -54.725955357141075 -24.223386249809494 18.001169138117532 53.23576655409984 65.41622594198398 48.428707453122804 9.13326338041555 -35.36935464891916 -65.15724348400533 -66.38451706347307 -37.6918505591905 8.827129768440361 52.69434940516926 74.04031509529652 62.58217489546858 22.539430798754704 -28.847421539682898 -68.71470421423015 -78.72726983017608 -53.48604209472331 -3.3466134844528854 49.78879181077843 82.01596897488884 78.16110094193907 38.89166225121779 -19.112713184995336 -70.21434275302335 -91.1278265554406 -71.50659348728567 -19.002755971387426 43.65091628579578 88.45821897645882 94.64820512886457 58.27366642559524 -5.503544615163286
-1.5658331866684518 -63.08308991308078 -95.91296320965174 -86.9021273076754 -41.11810842900559 20.845834504808504 72.10505905183302 91.1278265554406 70.75488105511965 20.827382702511223 -36.50797673216819 -76.59940376417728 -82.8687187900883 -53.63774595789434 -2.4048168095770794 48.352836078966064 77.01939939570345 72.0243724513613 36.47765569523192 -13.584371769905733 -56.40714267445087 -73.95111765599725 -59.46819422124161 -20.04969570526032 26.792594091825144 60.88397461182374 68.05556772225371 46.00833919620296 4.95690473349083 -37.0722681165702 -62.13613699648647 -60.01446493150901 -32.350037192240976 8.374656924780988 44.44675430945302 60.606928778064834 50.48320264848936 19.071539250990853 -19.68698892431737 -49.07338056139281 -56.78234417926577 -40.05378052273141 -6.613935744169226 28.869710571794357 51.202392466266616 51.14832219608504 29.229471504175468 -4.715973947253502 -35.931121551586905 -51.13567676179896 -44.15598779939629 -18.41196290797107 14.731534820009097 40.9642241640318 49.18883584127008 36.19697725977522 7.900658631590866 -23.343363432835837 -44.111327501170386 -45.659668458147785 -27.589973060102732 2.097146478635365 30.530848899203395 45.53073411679469 40.80538093421777 18.578562857095697 -11.447346506057324 -36.31141814709989 -45.36862673951397 -34.829972119572076 -9.339555001337265 20.064127736611294 40.71097353836755 43.7386604583707 27.88227081794153 -0.0 -27.88227081794153 -43.7386604583707 -40.71097353836755 -20.064127736611294 9.339555001337265 34.829972119572076 45.36862673951397 36.31141814709989 11.447346506057324 -18.578562857095697 -40.80538093421777 -45.53073411679469 -30.530848899203395 -2.097146478635365 27.589973060102732 45.659668458147785 44.111327501170386 23.343363432835837 -7.900658631590866 -36.19697725977522 -49.18883584127008 -40.9642241640318 -14.731534820009097 18.41196290797107 44.15598779939629 51.13567676179896 35.931121551586905 4.715973947253502 -29.229471504175468 -51.14832219608504 -51.202392466266616 -28.869710571794357 6.613935744169226 40.05378052273141 56.78234417926577 49.07338056139281 19.68698892431737 -19.071539250990853 -50.48320264848936 -60.606928778064834 -44.44675430945302 -8.374656924780988 32.350037192240976 60.01446493150901 62.13613699648647 37.0722681165702 -4.95690473349083 -46.00833919620296 -68.05556772225371 -60.88397461182374 -26.792594091825144 20.04969570526032 59.46819422124161 73.95111765599725 56.40714267445087 13.584371769905733 -36.47765569523192 -72.0243724513613 -77.01939939570345 -48.352836078966064 2.4048168095770794 53.63774595789434 82.8687187900883 76.59940376417728 36.50797673216819 -20.827382702511223 -70.75488105511965 -91.1278265554406 -72.10505905183302 -20.845834504808504 41.11810842900559 86.9021273076754 95.91296320965174 63.08308991308078
-69.15684728206517 -97.28375688963824 -84.30281819872191 -36.808435638832634 24.51091537831589 73.85844792384711 91.16218505839319 70.21434275302335 20.827382702511223 -35.70673119863202 -75.773507170175 -83.2800699768795 -56.09114401726278 -6.4954193186915195 44.31147894781425 75.264761073797 74.14367019895147 42.364783885428466 -6.010181780830549 -50.46849219379907 -72.72487371131926 -64.2208040466184 -29.378248017376887 16.611628753735342 54.388601860540035 68.55395712895424 53.92510333712439 17.383596536473505 -25.318789931056582 -56.32949516639078 -63.139170782471886 -43.60465294777001 -6.544388346060773 32.214275436734894 56.57497002891274 56.83722022798503 33.53524735679773 -3.0575732955725132 -37.436356815965766 -55.41509709557023 -49.960406998016346 -23.918277617554885 11.411800017155846 41.16071566667038 53.12821533714557 42.76669164337334 14.883050750794737 -18.565750409223742 -43.58202397717358 -49.96556422122127 -35.454027903406015 -6.493146587292543 24.60940811785764 44.8963274186491 46.139201553037964 28.159016359475523 -1.243757714178799 -29.658744029561415 -45.28513031521836 -41.81367791848558 -20.959719293847396 8.363311241261338 33.839023300808755 44.90197105738834 37.10174391689292 13.882283158156115 -14.929988464803868 -37.26889819005362 -43.8621343733919 -32.06416320806202 -6.910838860415703 21.021564727303698 40.046166748051 42.235978365156356 26.713501240482508 -0.0 -26.713501240482508 -42.235978365156356 -40.046166748051 -21.021564727303698 6.910838860415703 32.06416320806202 43.8621343733919 37.26889819005362 14.929988464803868 -13.882283158156115 -37.10174391689292 -44.90197105738834 -33.839023300808755 -8.363311241261338 20.959719293847396 41.81367791848558 45.28513031521836 29.658744029561415 1.243757714178799 -28.159016359475523 -46.139201553037964 -44.8963274186491 -24.60940811785764 6.493146587292543 35.454027903406015 49.96556422122127 43.58202397717358 18.565750409223742 -14.883050750794737 -42.76669164337334 -53.12821533714557 -41.16071566667038 -11.411800017155846 23.918277617554885 49.960406998016346 55.41509709557023 37.436356815965766 3.0575732955725132 -33.53524735679773 -56.83722022798503 -56.57497002891274 -32.214275436734894 6.544388346060773 43.60465294777001 63.139170782471886 56.32949516639078 25.318789931056582 -17.383596536473505 -53.92510333712439 -68.55395712895424 -54.388601860540035 -16.611628753735342 29.378248017376887 64.2208040466184 72.72487371131926 50.46849219379907 6.010181780830549 -42.364783885428466 -74.14367019895147 -75.264761073797 -44.31147894781425 6.4954193186915195 56.09114401726278 83.2800699768795 75.773507170175 35.70673119863202 -20.827382702511223 -70.21434275302335 -91.16218505839319 -73.85844792384711 -24.51091537831589 36.808435638832634 84.30281819872191 97.28375688963824
-98.34935192735553 -80.3557485469073 -30.607258130161384 29.944755129632483 76.63708191199427 91.12141710757406 68.54931084737426 19.112713184995336 -36.50797673216819 -75.773507170175 -83.40040683302409 -57.282648492150564 -8.937854179238187 41.534380034584004 73.78898509116067 75.41698897672987 46.690131092976564 0.06740221998536884 -45.17876941385636 -70.91000172351353 -67.37338922463458 -36.86628513590759 7.548336547939108 47.61062422052638 67.35213349814586 59.440285983457116 27.866966407938605 -13.988548355918505 -49.00751582795775 -63.314569894392484 -51.75471927982778 -19.711501051685445 19.356469415335162 49.54866796665723 58.97537926637145 44.419029740436855 12.385712636616837 -23.773570332191483 -49.408809794763094 -54.48760796384105 -37.50082119307718 -5.845735199769542 27.37351905506932 48.75246183671435 49.97628304201759 31.033918323129555 0.02249701410691607 -30.29607607433077 -47.72878291919237 -45.53636786411146 -25.020269570678302 5.173252846896309 32.681074471536505 46.467091797691545 41.23169816483787 19.43272545323214 -9.845513046633844 -34.66263323247677 -45.07316059152869 -37.094904079728146 -14.218604116191178 14.107338599464859 36.363745087460735 43.62635875941649 33.12830167402693 9.303939484798022 -18.075038608184325 -37.89137018383737 -42.17770651242833 -29.305716042829122 -4.598293217529606 21.862413178948295 39.33215433326383 40.74887566129309 25.57517750640503 -0.0 -25.57517750640503 -40.74887566129309 -39.33215433326383 -21.862413178948295 4.598293217529606 29.305716042829122 42.17770651242833 37.89137018383737 18.075038608184325 -9.303939484798022 -33.12830167402693 -43.62635875941649 -36.363745087460735 -14.107338599464859 14.218604116191178 37.094904079728146 45.07316059152869 34.66263323247677 9.845513046633844 -19.43272545323214 -41.23169816483787 -46.467091797691545 -32.681074471536505 -5.173252846896309 25.020269570678302 45.53636786411146 47.72878291919237 30.29607607433077 -0.02249701410691607 -31.033918323129555 -49.97628304201759 -48.75246183671435 -27.37351905506932 5.845735199769542 37.50082119307718 54.48760796384105 49.408809794763094 23.773570332191483 -12.385712636616837 -44.419029740436855 -58.97537926637145 -49.54866796665723 -19.356469415335162 19.711501051685445 51.75471927982778 63.314569894392484 49.00751582795775 13.988548355918505 -27.866966407938605 -59.440285983457116 -67.35213349814586 -47.61062422052638 -7.548336547939108 36.86628513590759 67.37338922463458 70.91000172351353 45.17876941385636 -0.06740221998536884 -46.690131092976564 -75.41698897672987 -73.78898509116067 -41.534380034584004 8.937854179238187 57.282648492150564 83.40040683302409 75.773507170175 36.50797673216819 -19.112713184995336 -68.54931084737426 -91.12141710757406 -76.63708191199427 -29.944755129632483 30.607258130161384 80.3557485469073
-74.68203562727366 -22.391063947276617 37.0400741119433 80.21323861817362 90.78630522895025 65.63272329586154 15.656436198767247 -38.89166225121779 -76.59940376417728 -83.2800699768795 -57.282648492150564 -9.749524255869492 40.122680620308344 72.8164866395793 76.11313828163289 49.63125256743741 4.6106455243009385 -40.82714847447327 -68.95440274578696 -69.3349339741102 -42.667853418547836 -0.17395425468943015 41.09881949821087 65.09651062905567 62.98470837361197 36.372103894701915 -3.63165317909628 -41.03019480832952 -61.31894026854088 -57.0914533719436 -30.714523115469348 6.881603891114824 40.711562254742354 57.689992540802486 51.67390180126022 25.657096249926177 -9.654691887030673 -40.230068609778506 -54.26961340164174 -46.74061432215483 -21.15393789889162 12.032106264697745 39.668830991019696 51.10894593169014 42.29015152312722 17.15201384384214 -14.096451276151404 -39.106093580791885 -48.24996288115433 -38.31132938681332 -13.591915579757735 15.930765334116957 38.61443538905861 45.72518182439703 34.78355575512841 10.408681736565192 -17.61754602326795 -38.26003445742055 -43.55746449950588 -31.677244917620598 -7.532660216645027 19.237788112289977 38.10199352219079 41.75990136463418 28.954306957601148 4.890404635526714 -20.870041457792986 -38.1917317462415 -40.33578185468346 -26.56870802166752 -2.405598450650576 22.589495545883434 38.5724466947826 39.27865027185823 24.46709723261721 -0.0 -24.46709723261721 -39.27865027185823 -38.5724466947826 -22.589495545883434 2.405598450650576 26.56870802166752 40.33578185468346 38.1917317462415 20.870041457792986 -4.890404635526714 -28.954306957601148 -41.75990136463418 -38.10199352219079 -19.237788112289977 7.532660216645027 31.677244917620598 43.55746449950588 38.26003445742055 17.61754602326795 -10.408681736565192 -34.78355575512841 -45.72518182439703 -38.61443538905861 -15.930765334116957 13.591915579757735 38.31132938681332 48.24996288115433 39.106093580791885 14.096451276151404 -17.15201384384214 -42.29015152312722 -51.10894593169014 -39.668830991019696 -12.032106264697745 21.15393789889162 46.74061432215483 54.26961340164174 40.230068609778506 9.654691887030673 -25.657096249926177 -51.67390180126022 -57.689992540802486 -40.711562254742354 -6.881603891114824 30.714523115469348 57.0914533719436 61.31894026854088 41.03019480832952 3.63165317909628 -36.372103894701915 -62.98470837361197 -65.09651062905567 -41.09881949821087 0.17395425468943015 42.667853418547836 69.3349339741102 68.95440274578696 40.82714847447327 -4.6106455243009385 -49.63125256743741 -76.11313828163289 -72.8164866395793 -40.122680620308344 9.749524255869492 57.282648492150564 83.2800699768795 76.59940376417728 38.89166225121779 -15.656436198767247 -65.63272329586154 -90.78630522895025 -80.21323861817362 -37.0400741119433 22.391063947276617
-12.066967703062847 45.60381552834826 84.24592054116472 89.82894302235646 61.26405035473575 10.414978700135121 -42.79278229996723 -78.16110094193907 -82.8687187900883 -56.09114401726278 -8.937854179238187 40.122680620308344 72.47802741654367 76.41505067992101 51.333149564502506 7.623277071362365 -37.60512912145769 -67.20313705034563 -70.46671161805762 -46.981651113484055 -6.458891864480058 35.251654342436154 62.34267979107672 65.02226445182771 43.02808069538686 5.432307538699102 -33.07368808383249 -57.90271711150371 -60.08006243509976 -39.46372037675417 -4.531100506688439 31.082564780052035 53.88912070582893 55.63824975056125 36.27970440652929 3.742817558943698 -29.289518889571173 -50.30757122000963 -51.694762068780825 -33.46702138858582 -3.0549788134508487 27.705682303576506 47.163557016176725 48.247327143964476 31.016516479427487 2.4550806693136384 -26.342081773375654 -44.46237297133382 -45.29346544631095 -28.918893610727302 -1.930598763903546 25.209636356956505 42.209119310507766 42.830490830868904 27.164717736373703 1.4689909330914621 -24.319154885070972 -40.408700474521986 -40.85551124279155 -25.744417103685446 -1.0577001741250467 23.68133344721951 39.065824022555724 39.36542945888075 24.648285548458695 0.6841576107081898 -23.306752897906296 -38.18499956964992 -38.35694386530748 -23.866484813500943 -0.3357854598439158 23.205876383534658 37.770537759315 37.82654927139119 23.389046890308098 -0.0 -23.389046890308098 -37.82654927139119 -37.770537759315 -23.205876383534658 0.3357854598439158 23.866484813500943 38.35694386530748 38.18499956964992 23.306752897906296 -0.6841576107081898 -24.648285548458695 -39.36542945888075 -39.065824022555724 -23.68133344721951 1.0577001741250467 25.744417103685446 40.85551124279155 40.408700474521986 24.319154885070972 -1.4689909330914621 -27.164717736373703 -42.830490830868904 -42.209119310507766 -25.209636356956505 1.930598763903546 28.918893610727302 45.29346544631095 44.46237297133382 26.342081773375654 -2.4550806693136384 -31.016516479427487 -48.247327143964476 -47.163557016176725 -27.705682303576506 3.0549788134508487 33.46702138858582 51.694762068780825 50.30757122000963 29.289518889571173 -3.742817558943698 -36.27970440652929 -55.63824975056125 -53.88912070582893 -31.082564780052035 4.531100506688439 39.46372037675417 60.08006243509976 57.90271711150371 33.07368808383249 -5.432307538699102 -43.02808069538686 -65.02226445182771 -62.34267979107672 -35.251654342436154 6.458891864480058 46.981651113484055 70.46671161805762 67.20313705034563 37.60512912145769 -7.623277071362365 -51.333149564502506 -76.41505067992101 -72.47802741654367 -40.122680620308344 8.937854179238187 56.09114401726278 82.8687187900883 78.16110094193907 42.79278229996723 -10.414978700135121 -61.26405035473575 -89.82894302235646 -84.24592054116472 -45.60381552834826
55.31757457809401 88.26414990031041 87.8181471149173 55.18820959451741 3.349104606623743 -48.08710069835681 -80.27337885320811 -82.01596897488884 -53.63774595789434 -6.4954193186915195 41.534380034584004 72.8164866395793 76.41505067992101 51.88965793734801 9.122930790865928 -35.630402179721614 -65.90398698030262 -71.06139091279802 -50.00855068463166 -11.291325269317198 30.34200828010898 59.54112128026484 65.99652236508332 48.05700038227151 13.061432972398713 -25.632148219295246 -53.72792124499919 -61.25735704145046 -46.09523932180016 -14.494868795203207 21.460152284386854 48.45929325662686 56.87605258140023 44.180853518145284 15.65367245877475 -17.78201626514108 -43.72512410391163 -52.87989998693761 -42.36849389875852 -16.599949409091817 14.550698895802556 39.510407593583274 49.291233074692336 40.70960205943906 17.39551376496616 -11.716430512785296 -35.795391503971935 -46.12735990006563 -39.2521515293121 -18.10153460421174 9.227031767800131 32.55574427758217 43.40051632947121 38.040405435227996 18.778186863822402 -7.0282412060262525 -29.762740786722148 -41.11784186481043 -37.114691401076534 -19.48430811252604 5.064050492502341 27.38346644584839 39.281377752179736 36.511194460343845 20.277062432999546 -3.277046047122058 -25.381038886055205 -37.88808733465484 -36.26176870081374 -21.211612626288332 1.6087558295440092 23.714846351300462 36.929898537030574 36.393768298818266 22.340801922659388 -0.0 -22.340801922659388 -36.393768298818266 -36.929898537030574 -23.714846351300462 -1.6087558295440092 21.211612626288332 36.26176870081374 37.88808733465484 25.381038886055205 3.277046047122058 -20.277062432999546 -36.511194460343845 -39.281377752179736 -27.38346644584839 -5.064050492502341 19.48430811252604 37.114691401076534 41.11784186481043 29.762740786722148 7.0282412060262525 -18.778186863822402 -38.040405435227996 -43.40051632947121 -32.55574427758217 -9.227031767800131 18.10153460421174 39.2521515293121 46.12735990006563 35.795391503971935 11.716430512785296 -17.39551376496616 -40.70960205943906 -49.291233074692336 -39.510407593583274 -14.550698895802556 16.599949409091817 42.36849389875852 52.87989998693761 43.72512410391163 17.78201626514108 -15.65367245877475 -44.180853518145284 -56.87605258140023 -48.45929325662686 -21.460152284386854 14.494868795203207 46.09523932180016 61.25735704145046 53.72792124499919 25.632148219295246 -13.061432972398713 -48.05700038227151 -65.99652236508332 -59.54112128026484 -30.34200828010898 11.291325269317198 50.00855068463166 71.06139091279802 65.90398698030262 35.630402179721614 -9.122930790865928 -51.88965793734801 -76.41505067992101 -72.8164866395793 -41.534380034584004 6.4954193186915195 53.63774595789434 82.01596897488884 80.27337885320811 48.08710069835681 -3.349104606623743 -55.18820959451741 -87.8181471149173 -88.26414990031041
